-4.883160591125488281e-01,2.479322105646133423e-01,-5.011044740676879883e-01,1.671772450208663940e-01,-1.890752464532852173e-01,5.136981010437011719e-01,-3.093135058879852295e-01,3.640202283859252930e-01,-9.691219031810760498e-02,5.677505731582641602e-01,-3.639200925827026367e-01,5.298334956169128418e-01,-1.362335830926895142e-01,4.753608107566833496e-01,-3.414880335330963135e-01,4.183950722217559814e-01,
4.711258709430694580e-01,-1.906332075595855713e-01,5.195349454879760742e-01,-1.721043139696121216e-01,4.974204301834106445e-01,-3.276934325695037842e-01,3.089272677898406982e-01,-6.171495467424392700e-02,5.672808885574340820e-01,-2.459326386451721191e-01,3.103770017623901367e-01,-5.424618721008300781e-02,4.219660460948944092e-01,-6.349610537290573120e-02,3.492748737335205078e-01,-2.762742638587951660e-01,
3.959326744079589844e-01,-2.396195232868194580e-01,2.241092473268508911e-01,-2.423095256090164185e-01,3.984451591968536377e-01,-1.965326219797134399e-01,5.167118310928344727e-01,-1.553166210651397705e-01,5.636730194091796875e-01,-2.417340427637100220e-01,4.135573804378509521e-01,-8.487978577613830566e-02,4.513927996158599854e-01,-3.265140354633331299e-01,2.937887012958526611e-01,-1.017441600561141968e-01,
-3.557035624980926514e-01,5.638624429702758789e-01,-2.502825558185577393e-01,3.216850459575653076e-01,-3.679808974266052246e-01,5.809760689735412598e-01,-3.095317184925079346e-01,3.401563167572021484e-01,-3.719447255134582520e-01,4.463371038436889648e-01,-2.884750068187713623e-01,4.899132549762725830e-01,-2.227352559566497803e-01,5.192755460739135742e-01,-3.785077333450317383e-01,1.305926293134689331e-01,
1.041844606399536133e+00,-4.557226002216339111e-01,7.673937678337097168e-01,-2.928652763366699219e-01,1.117315053939819336e+00,-2.926498949527740479e-01,7.658549547195434570e-01,-3.254118263721466064e-01,1.051888704299926758e+00,-4.501031935214996338e-01,8.631698489189147949e-01,-1.593914926052093506e-01,1.074562549591064453e+00,-4.821393191814422607e-01,7.736395597457885742e-01,-2.310845404863357544e-01,
4.100653827190399170e-01,-1.311280876398086548e-01,2.736999690532684326e-01,-3.259757757186889648e-01,4.906717240810394287e-01,-3.206252455711364746e-01,3.951336145401000977e-01,-1.109744310379028320e-01,3.223800361156463623e-01,-2.360047101974487305e-01,5.332860946655273438e-01,-1.737779378890991211e-01,6.229721903800964355e-01,-2.346643358469009399e-01,5.169856548309326172e-01,-1.684094369411468506e-01,
-3.933274745941162109e-01,4.948371350765228271e-01,-4.637299776077270508e-01,2.264604866504669189e-01,-3.061985671520233154e-01,5.532801747322082520e-01,-1.237915530800819397e-01,3.180171847343444824e-01,-3.672482669353485107e-01,3.575580120086669922e-01,-3.682430386543273926e-01,3.691751360893249512e-01,-1.083580031991004944e-01,2.683135271072387695e-01,-2.656859755516052246e-01,5.650795102119445801e-01,
-1.358846127986907959e-01,-2.484614700078964233e-01,-8.696801215410232544e-02,-2.614132873713970184e-02,-2.629848122596740723e-01,-1.614647358655929565e-01,1.681176275014877319e-01,-5.952475219964981079e-02,-2.128533273935317993e-01,-2.242157161235809326e-01,-2.858793549239635468e-02,-6.711151450872421265e-02,-9.707872569561004639e-02,8.108974248170852661e-02,-2.303130179643630981e-01,-2.517044544219970703e-02,
7.908793091773986816e-01,1.228164955973625183e-01,1.278680920600891113e+00,-1.477889180183410645e+00,7.913303971290588379e-01,1.230602860450744629e-01,1.278403878211975098e+00,-1.478307843208312988e+00,7.911912202835083008e-01,1.237145885825157166e-01,1.278229594230651855e+00,-1.478071212768554688e+00,7.913461923599243164e-01,1.229548156261444092e-01,1.278363943099975586e+00,-1.478032112121582031e+00,
5.203928351402282715e-01,-2.560138404369354248e-01,2.628063559532165527e-01,-1.320072412490844727e-01,5.811580419540405273e-01,-1.649434119462966919e-01,4.235770404338836670e-01,-1.215506792068481445e-01,4.582132101058959961e-01,-1.858642697334289551e-01,2.039034664630889893e-01,5.329803097993135452e-03,3.644858300685882568e-01,-6.223194301128387451e-02,6.071370840072631836e-01,-2.928603291511535645e-01,
6.273891925811767578e-01,-3.586148321628570557e-01,5.808307528495788574e-01,-8.313146978616714478e-02,6.396253705024719238e-01,-2.313492745161056519e-01,3.459033071994781494e-01,-1.680479943752288818e-01,6.337684988975524902e-01,-1.795854717493057251e-01,3.405206203460693359e-01,-2.031011283397674561e-01,7.500789761543273926e-01,-2.899998128414154053e-01,3.095081150531768799e-01,-1.128852739930152893e-01,
3.086082041263580322e-01,-1.685676425695419312e-01,4.943201541900634766e-01,-2.521181702613830566e-01,4.993967711925506592e-01,-3.096334338188171387e-01,3.236184716224670410e-01,-1.105625703930854797e-01,5.172806382179260254e-01,-2.877207286655902863e-02,3.640477657318115234e-01,-3.247479498386383057e-01,2.967539727687835693e-01,-2.536113560199737549e-01,4.577821195125579834e-01,-2.623203024268150330e-02,
-2.177873849868774414e-01,3.724362552165985107e-01,-1.918003410100936890e-01,6.796996593475341797e-01,-3.330596089363098145e-01,7.701686620712280273e-01,-5.045907497406005859e-01,1.982302069664001465e-01,-4.305206239223480225e-01,7.240022420883178711e-01,-4.056783318519592285e-01,3.369753360748291016e-01,-5.853297114372253418e-01,6.351343989372253418e-01,-3.551364839076995850e-01,3.081416189670562744e-01,
-2.662578821182250977e-01,4.637276232242584229e-01,-2.286388128995895386e-01,3.023820519447326660e-01,-4.247448444366455078e-01,4.107543528079986572e-01,-4.371278882026672363e-01,5.668981671333312988e-01,-4.321542978286743164e-01,6.149116754531860352e-01,-3.371583223342895508e-01,4.798994064331054688e-01,-4.791702032089233398e-01,4.356763958930969238e-01,-3.654206097126007080e-01,5.350648760795593262e-01,
3.768518865108489990e-01,-1.583517074584960938e+00,7.549521327018737793e-01,-7.009014487266540527e-01,4.776061177253723145e-01,-1.514024853706359863e+00,7.307913899421691895e-01,-6.759889125823974609e-01,4.312918186187744141e-01,-1.545655727386474609e+00,7.793381810188293457e-01,-5.645447969436645508e-01,4.364274740219116211e-01,-1.566940784454345703e+00,7.559813857078552246e-01,-6.723729968070983887e-01,
-3.857249617576599121e-01,5.806186199188232422e-01,-4.780759811401367188e-01,2.717189788818359375e-01,-1.193608902394771576e-02,3.556157052516937256e-01,-5.820443630218505859e-01,4.934773445129394531e-01,-1.511646360158920288e-01,3.364531397819519043e-01,-3.231664896011352539e-01,5.669063329696655273e-01,-3.249298930168151855e-01,4.662653803825378418e-01,-4.173849821090698242e-01,4.288128614425659180e-01,
-2.328678816556930542e-01,2.691620290279388428e-01,6.282131671905517578e-01,6.114239804446697235e-03,-2.800142467021942139e-01,8.112946152687072754e-02,5.535334348678588867e-01,-7.777048647403717041e-02,-2.358141541481018066e-01,1.510167419910430908e-01,2.417846918106079102e-01,-2.639434039592742920e-01,-2.796841561794281006e-01,5.547746270895004272e-02,6.551697850227355957e-01,1.345954388380050659e-01,
-1.271605491638183594e+00,1.646421551704406738e-01,7.494013905525207520e-01,-4.697036445140838623e-01,-1.256074309349060059e+00,1.762052923440933228e-01,7.478179335594177246e-01,-4.766804277896881104e-01,-1.269506931304931641e+00,1.663165092468261719e-01,7.487308382987976074e-01,-4.614530801773071289e-01,-1.276586771011352539e+00,1.617100387811660767e-01,7.492191791534423828e-01,-4.587464034557342529e-01,
5.251027345657348633e-01,4.890086594969034195e-03,2.008355855941772461e-01,2.212204635143280029e-01,2.442418485879898071e-01,-1.046916991472244263e-01,-2.025663256645202637e-01,4.878364503383636475e-01,2.634589970111846924e-01,6.880342215299606323e-02,1.774788051843643188e-01,4.801740050315856934e-01,2.213770449161529541e-01,3.676962852478027344e-02,3.939327970147132874e-02,4.499385952949523926e-01,
-2.374212443828582764e-01,1.248254068195819855e-02,6.905164122581481934e-01,-2.610574103891849518e-02,-2.183362096548080444e-01,1.243003085255622864e-01,3.419170081615447998e-01,-2.122416049242019653e-01,-2.383476048707962036e-01,1.969405263662338257e-01,7.190008163452148438e-01,-3.364611417055130005e-02,-1.745701432228088379e-01,1.204569414258003235e-01,5.122276544570922852e-01,-2.023916989564895630e-01,
6.881871223449707031e-01,1.914665549993515015e-01,-6.540386080741882324e-01,-5.954409763216972351e-02,6.798644065856933594e-01,1.895757615566253662e-01,-6.482618451118469238e-01,-3.735582903027534485e-02,6.886291503906250000e-01,1.923570930957794189e-01,-6.533473134040832520e-01,-5.815872550010681152e-02,6.881407499313354492e-01,1.919116973876953125e-01,-6.528834104537963867e-01,-5.869303643703460693e-02,
-1.384130716323852539e-01,1.481571942567825317e-01,5.480271577835083008e-01,-1.415535658597946167e-01,-3.897220492362976074e-01,2.290553748607635498e-01,2.662118375301361084e-01,4.498843848705291748e-02,-1.353657990694046021e-01,3.187075853347778320e-01,5.504414439201354980e-01,-1.740145683288574219e-02,-2.373993992805480957e-01,1.053016409277915955e-01,3.369811773300170898e-01,-9.623324871063232422e-02,
-2.319727838039398193e-01,-6.829386204481124878e-02,5.642123222351074219e-01,-2.204174995422363281e-01,-3.139733895659446716e-02,3.147881031036376953e-01,4.840416312217712402e-01,-2.680596895515918732e-02,-1.488191820681095123e-02,2.613280415534973145e-01,3.987997472286224365e-01,1.067323461174964905e-01,-3.470082283020019531e-01,2.782560586929321289e-01,3.076568543910980225e-01,-2.600700557231903076e-01,
-8.562059402465820312e-01,1.174399971961975098e+00,-1.345304250717163086e-01,-3.850536942481994629e-01,-8.606285452842712402e-01,1.162616729736328125e+00,-1.430545151233673096e-01,-4.019052386283874512e-01,-8.615403771400451660e-01,1.168791055679321289e+00,-1.364974379539489746e-01,-3.728089928627014160e-01,-8.636234402656555176e-01,1.167074322700500488e+00,-1.355615258216857910e-01,-3.672224581241607666e-01,
-1.161782816052436829e-01,3.313280642032623291e-01,2.841797173023223877e-01,-2.172763794660568237e-01,-1.903561949729919434e-01,2.911390066146850586e-01,5.003533959388732910e-01,-2.773374319076538086e-01,-2.841745316982269287e-01,1.398334950208663940e-01,6.187143921852111816e-01,-3.032168373465538025e-02,-1.580949425697326660e-01,3.220504224300384521e-01,3.796883523464202881e-01,-1.582366973161697388e-01,
7.010686397552490234e-01,1.501422822475433350e-01,1.724877804517745972e-01,6.344439983367919922e-01,5.234162807464599609e-01,3.131305053830146790e-02,-6.320238858461380005e-02,6.943723559379577637e-01,6.351048946380615234e-01,4.263626411557197571e-02,-8.773031830787658691e-02,3.870809674263000488e-01,5.639216899871826172e-01,9.260912239551544189e-02,1.458673179149627686e-01,6.129670739173889160e-01,
4.260279610753059387e-02,-2.927621006965637207e-01,3.347460180521011353e-02,4.211302995681762695e-01,9.580981731414794922e-02,-2.317890338599681854e-02,-1.315347433090209961e+00,-1.044576406478881836e+00,4.114525392651557922e-02,-2.971543073654174805e-01,3.401384130120277405e-02,4.238377809524536133e-01,4.216689616441726685e-02,-2.916790843009948730e-01,3.512718528509140015e-02,4.203374981880187988e-01,
-1.299382328987121582e+00,1.086273431777954102e+00,1.423143446445465088e-01,-2.462505102157592773e-01,-1.306949734687805176e+00,1.076503992080688477e+00,1.321220695972442627e-01,-2.581040561199188232e-01,-1.297739624977111816e+00,1.086589455604553223e+00,1.428531259298324585e-01,-2.506728470325469971e-01,-1.295537114143371582e+00,1.087241172790527344e+00,1.431506574153900146e-01,-2.526746094226837158e-01,
2.238923013210296631e-01,1.373300328850746155e-02,4.794427752494812012e-02,6.602694988250732422e-01,3.927286863327026367e-01,-4.414203390479087830e-02,-2.141573727130889893e-01,3.617527186870574951e-01,1.877415478229522705e-01,2.157260924577713013e-01,5.152995139360427856e-02,6.459035873413085938e-01,4.294730722904205322e-01,3.969953209161758423e-02,3.433007374405860901e-02,3.626250326633453369e-01,
-1.060276627540588379e-01,-4.042784124612808228e-02,7.128545641899108887e-01,-1.565790027379989624e-01,-1.591545939445495605e-01,3.725215196609497070e-01,2.534067928791046143e-01,-9.899856150150299072e-02,-9.300768375396728516e-02,2.036893069744110107e-01,2.988936901092529297e-01,-2.552789747714996338e-01,-1.215690672397613525e-01,4.470875114202499390e-02,6.693972349166870117e-01,-1.755630820989608765e-01,
3.188017010688781738e-01,-1.528687626123428345e-01,1.172920037060976028e-02,2.544739544391632080e-01,4.291704595088958740e-01,3.116818368434906006e-01,1.958005130290985107e-01,2.045965492725372314e-01,6.777890920639038086e-01,5.130947381258010864e-02,1.099978908896446228e-01,5.185525417327880859e-01,3.539980947971343994e-01,-1.382309496402740479e-01,3.072499483823776245e-02,4.272584319114685059e-01,
-2.058816701173782349e-01,3.163509666919708252e-01,2.399553060531616211e-01,-7.940426468849182129e-02,-2.063742130994796753e-01,3.487576171755790710e-02,3.829591870307922363e-01,-1.357368826866149902e-01,-1.967998445034027100e-01,2.260315418243408203e-01,5.847638249397277832e-01,8.957666158676147461e-02,-2.392339706420898438e-01,1.237595528364181519e-01,4.744176864624023438e-01,2.775981463491916656e-02,
2.075647264719009399e-01,2.606820762157440186e-01,2.068071663379669189e-01,-3.609430193901062012e-01,2.404506653547286987e-01,4.889404773712158203e-01,5.034922957420349121e-01,-2.616911232471466064e-01,5.260121822357177734e-01,3.838451802730560303e-01,1.336099803447723389e-01,-7.678460329771041870e-02,5.084084868431091309e-01,1.317802965641021729e-01,2.420620471239089966e-01,-1.490019410848617554e-01,
1.861535161733627319e-01,3.303376436233520508e-01,4.828477203845977783e-01,-2.374541908502578735e-01,5.501500368118286133e-01,3.550222516059875488e-01,1.334857195615768433e-01,-3.590460717678070068e-01,4.632486701011657715e-01,1.253257244825363159e-01,4.003923535346984863e-01,-2.983736572787165642e-03,1.703368425369262695e-01,1.702701300382614136e-01,2.018616646528244019e-01,-2.437776476144790649e-01,
3.138687312602996826e-01,3.359280526638031006e-01,1.671884953975677490e-01,-1.166156083345413208e-01,1.972104907035827637e-01,2.610467970371246338e-01,1.270642578601837158e-01,-1.859491169452667236e-01,4.515533149242401123e-01,1.990250647068023682e-01,3.666517138481140137e-01,-4.442476034164428711e-01,5.081310868263244629e-01,3.898557424545288086e-01,-1.121921837329864502e-02,-3.362242579460144043e-01,
4.956250190734863281e-01,2.921293377876281738e-01,3.875876665115356445e-01,-1.670530438423156738e-01,1.949571073055267334e-01,3.552196621894836426e-01,2.582337856292724609e-01,-4.669051766395568848e-01,2.827015221118927002e-01,3.755248486995697021e-01,1.245097890496253967e-01,-3.857489526271820068e-01,4.290730953216552734e-01,2.095454037189483643e-01,3.945833072066307068e-02,-1.182911321520805359e-01,
4.873746037483215332e-01,3.341062068939208984e-01,2.287926226854324341e-01,-3.551417291164398193e-01,2.098542004823684692e-01,4.451387226581573486e-01,2.049826979637145996e-01,-1.525290757417678833e-01,2.123913466930389404e-01,4.694454073905944824e-01,3.557276129722595215e-01,-3.075238466262817383e-01,5.939443111419677734e-01,3.443240821361541748e-01,4.931159019470214844e-01,-2.097322046756744385e-01,
2.193695679306983948e-02,-3.161991387605667114e-02,-5.486914142966270447e-02,-1.033085212111473083e-01,-1.802283227443695068e-01,-2.523238658905029297e-01,2.083507366478443146e-02,-1.033776998519897461e-01,-3.709710016846656799e-02,-1.736346483230590820e-01,4.913140460848808289e-02,9.234777837991714478e-02,6.390690058469772339e-02,-1.316789090633392334e-01,-2.222707867622375488e-01,1.323654949665069580e-01,
3.011325597763061523e-01,7.709811627864837646e-02,1.627578586339950562e-01,-2.841813266277313232e-01,5.138376355171203613e-01,1.343183517456054688e-01,3.073553144931793213e-01,-1.901989057660102844e-02,4.122979640960693359e-01,2.039243578910827637e-01,9.359086304903030396e-02,-3.369669318199157715e-01,4.039032161235809326e-01,2.455239295959472656e-01,3.288521766662597656e-01,-3.563586771488189697e-01,
-2.800390310585498810e-02,1.129527762532234192e-01,-2.508758306503295898e-01,4.010979831218719482e-01,-1.926107704639434814e-01,-1.599108800292015076e-02,-1.048283353447914124e-01,3.174712061882019043e-01,-7.742407172918319702e-02,3.772996366024017334e-02,-3.702948689460754395e-01,4.218880832195281982e-01,1.588868163526058197e-02,-9.475133568048477173e-02,-3.874522447586059570e-01,5.903257727622985840e-01,
-8.068390190601348877e-02,-3.640450909733772278e-02,-2.227453738451004028e-01,4.919013381004333496e-01,-1.160943508148193359e-01,-5.257364362478256226e-03,-2.848014831542968750e-01,6.683038473129272461e-01,3.203018009662628174e-02,-6.908912956714630127e-02,-2.981565892696380615e-01,2.497299760580062866e-01,9.130398929119110107e-02,-1.129010394215583801e-01,-4.583565294742584229e-01,5.648438930511474609e-01,
2.963572740554809570e-02,-1.578670144081115723e-01,-3.483412554487586021e-03,1.538452059030532837e-01,-1.657148897647857666e-01,-4.514170810580253601e-02,-2.498502098023891449e-02,-7.010973244905471802e-02,-6.592641770839691162e-02,-2.610738575458526611e-01,-1.583766043186187744e-01,-2.225552052259445190e-01,-2.202312946319580078e-01,-1.199690699577331543e-01,-3.267217054963111877e-02,1.193352714180946350e-01,
-2.351791858673095703e-01,1.296435594558715820e-01,-2.687093317508697510e-01,2.161245644092559814e-01,-2.230620384216308594e-01,9.764186292886734009e-02,-2.755012214183807373e-01,2.915050387382507324e-01,-1.028893068432807922e-01,3.108745254576206207e-02,-1.875285357236862183e-01,4.818247556686401367e-01,-5.304688215255737305e-02,-6.543073803186416626e-02,-1.396140307188034058e-01,3.019116520881652832e-01,
5.375941991806030273e-01,4.151432812213897705e-01,3.667632043361663818e-01,-1.787392944097518921e-01,2.472237497568130493e-01,1.670713722705841064e-01,3.585867881774902344e-01,-2.613648474216461182e-01,5.736171007156372070e-01,4.931772649288177490e-01,3.365415036678314209e-01,-5.489780381321907043e-02,4.269094169139862061e-01,1.391884684562683105e-01,2.573015391826629639e-01,-3.648342192173004150e-01,
-1.549148559570312500e-01,3.076547384262084961e-01,-7.514916062355041504e-01,4.499761462211608887e-01,-2.440198212862014771e-01,1.553386002779006958e-01,-5.969806909561157227e-01,5.991806387901306152e-01,-1.871118098497390747e-01,2.556273043155670166e-01,-5.217534303665161133e-01,5.145621299743652344e-01,-5.054462328553199768e-02,-3.012946248054504395e-02,-2.388674616813659668e-01,3.190925717353820801e-01,
-1.325036138296127319e-01,2.554920315742492676e-02,-3.431265652179718018e-01,4.301447868347167969e-01,2.232292853295803070e-02,-1.323013857472687960e-04,-3.518316745758056641e-01,2.691938579082489014e-01,5.882944539189338684e-02,1.728942841291427612e-01,-6.256642937660217285e-01,4.778515994548797607e-01,-4.859157651662826538e-02,1.335397511720657349e-01,-6.942729949951171875e-01,3.770466744899749756e-01,
-6.993712484836578369e-02,-7.892872393131256104e-02,-2.503440678119659424e-01,3.280822634696960449e-01,-6.084652151912450790e-03,-1.165653020143508911e-01,-4.327967762947082520e-01,6.178575158119201660e-01,-3.919339552521705627e-02,2.739431709051132202e-02,-1.324429661035537720e-01,4.261785745620727539e-01,-1.966135799884796143e-01,6.548993289470672607e-02,-3.587661981582641602e-01,3.853168189525604248e-01,
1.442233920097351074e-01,-1.731459796428680420e-01,-2.536250650882720947e-01,4.865126311779022217e-01,-2.190060913562774658e-01,1.828814446926116943e-01,-4.309140443801879883e-01,4.513647854328155518e-01,1.387513577938079834e-01,-1.339568346738815308e-01,-1.121517568826675415e-01,3.748283684253692627e-01,1.252222210168838501e-01,-8.771640062332153320e-02,-3.845374882221221924e-01,3.570039272308349609e-01,
3.385723829269409180e-01,4.582032561302185059e-01,3.388389050960540771e-01,4.526594281196594238e-01,5.170131921768188477e-01,5.442788600921630859e-01,5.570200681686401367e-01,4.856872260570526123e-01,6.074193716049194336e-01,4.443086385726928711e-01,6.483045220375061035e-01,6.083431839942932129e-01,2.735966444015502930e-01,5.112379789352416992e-01,5.057182908058166504e-01,4.475829005241394043e-01,
-1.426633745431900024e-01,1.364790946245193481e-01,1.636303775012493134e-02,-2.542884647846221924e-01,-1.329213142395019531e+00,3.015185594558715820e-01,-6.756637096405029297e-01,-1.054502606391906738e+00,-7.948336750268936157e-02,2.053839415311813354e-01,2.246012166142463684e-02,-2.486080974340438843e-01,-2.219136953353881836e-01,1.829270645976066589e-02,1.923105120658874512e-01,-4.643478989601135254e-01,
-4.127843976020812988e-01,2.409405708312988281e-01,1.793340146541595459e-01,-8.282095193862915039e-01,-2.834505438804626465e-01,4.820563793182373047e-01,2.293110638856887817e-01,-7.213549613952636719e-01,-4.028549194335937500e-01,2.720963656902313232e-01,1.593966186046600342e-01,-8.036665916442871094e-01,-1.286091685295104980e+00,1.297789663076400757e-01,-4.782655537128448486e-01,-1.280820727348327637e+00,
5.480402112007141113e-01,3.566513657569885254e-01,4.729964435100555420e-01,6.514223217964172363e-01,3.820122480392456055e-01,4.831086099147796631e-01,3.408050537109375000e-01,4.043048024177551270e-01,4.106994867324829102e-01,3.713776171207427979e-01,5.627019405364990234e-01,6.059772372245788574e-01,6.880530714988708496e-01,3.035753071308135986e-01,3.604367375373840332e-01,6.746970415115356445e-01,
4.328670501708984375e-01,1.672707125544548035e-02,3.193174898624420166e-01,3.700062036514282227e-01,5.016340613365173340e-01,4.070831537246704102e-01,4.464824497699737549e-01,5.134333372116088867e-01,9.442249685525894165e-02,4.154041707515716553e-01,3.517687022686004639e-01,3.986666500568389893e-01,5.030465126037597656e-01,3.196192085742950439e-01,3.189729750156402588e-01,4.794372022151947021e-01,
1.116353552788496017e-02,1.024750322103500366e-01,7.705757766962051392e-02,-5.153891444206237793e-01,-3.646496832370758057e-01,-3.579835966229438782e-02,1.795675456523895264e-01,-7.369889020919799805e-01,-1.132374405860900879e+00,2.059636712074279785e-01,-3.682832121849060059e-01,-9.879468083381652832e-01,-8.233113586902618408e-02,1.372869461774826050e-01,-4.348767548799514771e-02,-3.251379728317260742e-01,
5.401998162269592285e-01,3.442250788211822510e-01,5.147663950920104980e-01,3.487499058246612549e-01,2.347122430801391602e-01,2.350744903087615967e-01,5.791457891464233398e-01,3.707364499568939209e-01,5.487433671951293945e-01,1.824749261140823364e-01,4.291662871837615967e-01,4.548055529594421387e-01,3.479125499725341797e-01,3.868124485015869141e-01,5.865961909294128418e-01,4.923748075962066650e-01,
4.040352702140808105e-01,1.720583885908126831e-01,3.584345877170562744e-01,4.523063302040100098e-01,4.724505245685577393e-01,3.670258522033691406e-01,4.440771937370300293e-01,3.314940929412841797e-01,5.141885876655578613e-01,3.060277104377746582e-01,2.607449293136596680e-01,3.652921915054321289e-01,4.178501367568969727e-01,1.134765446186065674e-01,2.604250609874725342e-01,5.104081034660339355e-01,
4.334216713905334473e-01,2.938148081302642822e-01,3.433850407600402832e-02,4.579907655715942383e-02,3.395126163959503174e-01,1.767958700656890869e-02,3.652640283107757568e-01,4.275345206260681152e-01,1.735292673110961914e-01,1.356914639472961426e-01,3.793602585792541504e-01,1.416002810001373291e-01,1.861283332109451294e-01,2.250373065471649170e-01,4.597967565059661865e-01,3.378629088401794434e-01,
-1.778674274682998657e-01,-5.801316499710083008e-01,3.021426964551210403e-03,-4.191234707832336426e-01,-7.942782342433929443e-02,-5.430696010589599609e-01,-1.091399509459733963e-02,-2.224519699811935425e-01,-1.733352839946746826e-01,4.681348428130149841e-02,2.098975181579589844e-01,3.724006116390228271e-01,-2.062307894229888916e-01,-5.890284776687622070e-01,4.622916691005229950e-03,-4.329060614109039307e-01,
8.439557552337646484e-01,-8.461676239967346191e-01,4.878087937831878662e-01,6.040460467338562012e-01,8.725045919418334961e-01,-8.283172845840454102e-01,4.994198679924011230e-01,6.936416029930114746e-01,9.081870913505554199e-01,-8.329541683197021484e-01,5.038670301437377930e-01,6.705898642539978027e-01,8.376097083091735840e-01,-8.405016064643859863e-01,4.938667714595794678e-01,5.986224412918090820e-01,
2.526791691780090332e-01,3.435916602611541748e-01,1.366199553012847900e-01,5.291596055030822754e-01,2.608953416347503662e-01,7.551534473896026611e-02,2.676964700222015381e-01,4.641243815422058105e-01,4.432549774646759033e-01,3.197914659976959229e-01,3.512085974216461182e-01,2.703016698360443115e-01,4.040024280548095703e-01,2.486365437507629395e-01,2.322112619876861572e-01,2.568195462226867676e-01,
3.276404440402984619e-01,3.016993105411529541e-01,4.523063898086547852e-01,7.025812864303588867e-01,4.716536402702331543e-01,2.852866351604461670e-01,6.596314311027526855e-01,7.643805146217346191e-01,7.193560600280761719e-01,4.126377999782562256e-01,5.185226798057556152e-01,6.200375556945800781e-01,2.880145013332366943e-01,5.127534866333007812e-01,3.689313232898712158e-01,3.766910135746002197e-01,
-1.132211089134216309e-01,-4.247363209724426270e-01,-1.531233894638717175e-03,-3.576080501079559326e-01,-1.093304902315139771e-01,3.280628100037574768e-02,1.726770848035812378e-01,2.692741155624389648e-01,-3.733643516898155212e-02,-3.987038731575012207e-01,5.831641610711812973e-03,-2.084902077913284302e-01,-1.346635520458221436e-01,-4.155777692794799805e-01,-5.611929111182689667e-03,-3.552809357643127441e-01,
-1.234866380691528320e+00,1.680533885955810547e-01,-5.229915380477905273e-01,-1.243507027626037598e+00,-3.397051095962524414e-01,1.468817293643951416e-01,1.810643970966339111e-01,-5.676007866859436035e-01,-2.647217810153961182e-01,1.872041225433349609e-01,2.603157460689544678e-01,-8.274214863777160645e-01,-2.493142634630203247e-01,5.571677088737487793e-01,1.586274057626724243e-01,-8.325042724609375000e-01,
2.215021699666976929e-01,2.596267461776733398e-01,4.889308214187622070e-01,3.607863187789916992e-01,2.336017191410064697e-01,2.906436026096343994e-01,1.642178446054458618e-01,3.254575431346893311e-01,2.527493238449096680e-01,1.880187690258026123e-01,3.641773164272308350e-01,3.361315131187438965e-01,3.145356476306915283e-01,3.028553128242492676e-01,1.521640419960021973e-01,2.512810528278350830e-01,
-1.840934753417968750e-01,-4.867731779813766479e-02,-2.179419845342636108e-01,-1.231994479894638062e-01,-1.842128783464431763e-01,-2.876607328653335571e-02,-1.943606436252593994e-01,-9.729454666376113892e-02,-1.115953363478183746e-02,1.419715285301208496e-01,-8.231382817029953003e-02,-2.101316303014755249e-01,-1.802125573158264160e-01,-6.192079558968544006e-02,1.346532441675662994e-02,-1.782480925321578979e-01,
-2.960875928401947021e-01,-1.975434124469757080e-01,2.435815781354904175e-01,4.826707243919372559e-01,-3.576335012912750244e-01,-8.515109121799468994e-02,4.197193086147308350e-01,3.494441211223602295e-01,-2.303445488214492798e-01,-2.493571117520332336e-02,4.198051691055297852e-01,5.510029196739196777e-01,-2.567553818225860596e-01,-6.043274328112602234e-02,5.194940567016601562e-01,3.872286379337310791e-01,
2.091349512338638306e-01,8.664662390947341919e-02,-1.525409705936908722e-02,3.332543373107910156e-01,2.828150391578674316e-01,2.710630297660827637e-01,-3.339668214321136475e-01,-5.008770823478698730e-01,3.482691049575805664e-01,2.908220291137695312e-01,-3.426035642623901367e-01,-4.863155484199523926e-01,4.410985410213470459e-01,2.978327870368957520e-01,-3.350944519042968750e-01,-4.758370816707611084e-01,
5.166036486625671387e-01,2.528316378593444824e-01,-2.240698486566543579e-01,-3.633694648742675781e-01,2.580957412719726562e-01,1.094995886087417603e-01,8.677878975868225098e-02,-1.235841363668441772e-01,2.366165965795516968e-01,2.254631966352462769e-01,6.369262700900435448e-04,-1.342781931161880493e-01,2.736367881298065186e-01,4.516517519950866699e-01,-1.354090571403503418e-01,-1.120065748691558838e-01,
2.264243662357330322e-01,4.458760917186737061e-01,-3.078363835811614990e-01,-1.768462359905242920e-01,2.738153040409088135e-01,3.769756853580474854e-01,2.431194111704826355e-02,-1.791005283594131470e-01,1.782995164394378662e-01,3.145790100097656250e-01,-1.715001016855239868e-01,-3.011184036731719971e-01,4.651638567447662354e-01,2.060455679893493652e-01,-2.003543972969055176e-01,-5.612045526504516602e-02,
3.028346002101898193e-01,2.344706058502197266e-01,-8.033536374568939209e-02,-4.065343439579010010e-01,4.667569696903228760e-01,1.551322340965270996e-01,-1.706653982400894165e-01,-1.710034906864166260e-01,2.773520648479461670e-01,4.705203473567962646e-01,-2.849265635013580322e-01,-7.306724786758422852e-02,4.632157087326049805e-01,4.336865842342376709e-01,-1.956467516720294952e-02,-5.982954800128936768e-02,
8.100230246782302856e-02,4.487024545669555664e-01,-1.424108296632766724e-01,-1.260511577129364014e-01,2.686930000782012939e-01,3.650786355137825012e-02,-2.043882906436920166e-01,-2.535978853702545166e-01,4.279727935791015625e-01,4.764645993709564209e-01,1.819087564945220947e-01,-2.058807760477066040e-01,8.382307738065719604e-02,2.861430644989013672e-01,-1.713452488183975220e-01,-3.182984590530395508e-01,
2.289828658103942871e-01,1.128690764307975769e-01,-1.949531491845846176e-03,-3.292176127433776855e-01,3.765820860862731934e-01,3.628014326095581055e-01,-5.971403047442436218e-02,-1.989533603191375732e-01,1.904184818267822266e-01,4.222256243228912354e-01,-8.227812498807907104e-02,-1.942768841981887817e-01,1.110538542270660400e-01,3.517878353595733643e-01,-1.721688061952590942e-01,-9.009494632482528687e-02,
5.175300836563110352e-01,1.351938843727111816e-01,-1.153373569250106812e-01,-8.077485114336013794e-02,2.452203482389450073e-01,3.578623533248901367e-01,-2.146374136209487915e-01,-2.615273594856262207e-01,5.127799510955810547e-01,1.549206972122192383e-01,5.089239776134490967e-02,-1.210668459534645081e-01,4.256859421730041504e-02,9.945473074913024902e-02,-9.608831256628036499e-03,-3.112359531223773956e-02,
1.752237230539321899e-01,4.560977816581726074e-01,-2.596959173679351807e-01,-2.760197222232818604e-01,2.741255760192871094e-01,2.742244601249694824e-01,-7.089103013277053833e-02,-1.086080223321914673e-01,4.985143542289733887e-01,3.839974105358123779e-01,-1.671977043151855469e-01,-2.711924314498901367e-01,5.290674567222595215e-01,3.194945752620697021e-01,-3.866438940167427063e-02,-2.855077683925628662e-01,
-3.605575561523437500e-01,-9.508973360061645508e-02,4.301597774028778076e-01,3.713991940021514893e-01,-5.377601385116577148e-01,-5.555900931358337402e-02,2.776853442192077637e-01,3.211986422538757324e-01,-4.556353092193603516e-01,2.111700326204299927e-01,3.772101700305938721e-01,2.909902632236480713e-01,-4.101152718067169189e-01,2.508378028869628906e-02,1.059083268046379089e-01,5.324026942253112793e-01,
-3.169470131397247314e-01,6.002134457230567932e-02,4.824948608875274658e-01,4.400143325328826904e-01,-3.660311102867126465e-01,-1.247174688614904881e-03,1.813284158706665039e-01,1.369942873716354370e-01,-2.384764552116394043e-01,-7.954425364732742310e-02,4.973706007003784180e-01,2.148860991001129150e-01,-4.024371802806854248e-01,-8.652586839161813259e-04,8.765644580125808716e-02,2.718123793601989746e-01,
-5.377072095870971680e-01,1.157925501465797424e-01,3.575173914432525635e-01,2.067224979400634766e-01,-3.793832659721374512e-01,-1.210216507315635681e-01,2.782536447048187256e-01,3.141189515590667725e-01,-5.006632208824157715e-01,1.958285421133041382e-01,4.333536326885223389e-01,1.514806002378463745e-01,-6.059764027595520020e-01,2.181030809879302979e-01,4.497386217117309570e-01,4.182825088500976562e-01,
-1.589998364448547363e+00,-9.601653367280960083e-02,4.772230982780456543e-01,3.291494250297546387e-01,-1.598608493804931641e+00,-1.229558214545249939e-01,5.074751377105712891e-01,4.139210879802703857e-01,-1.643337488174438477e+00,-1.183817163109779358e-01,5.052338838577270508e-01,4.133663475513458252e-01,-1.661178708076477051e+00,-1.232716962695121765e-01,5.113759636878967285e-01,4.090269207954406738e-01,
-4.516461789608001709e-01,-6.106831878423690796e-02,1.319742947816848755e-01,3.366608619689941406e-01,-6.059709787368774414e-01,5.067996308207511902e-02,5.113174319267272949e-01,3.626663088798522949e-01,-4.136910736560821533e-01,1.469677239656448364e-01,2.501831352710723877e-01,2.296726852655410767e-01,-5.012604594230651855e-01,8.746488392353057861e-02,4.631946980953216553e-01,2.488383948802947998e-01,
5.558965206146240234e-01,1.406951099634170532e-01,-1.474000066518783569e-01,-1.792821735143661499e-01,2.663167715072631836e-01,9.105785936117172241e-02,-2.274324595928192139e-01,-8.117280155420303345e-02,3.930144906044006348e-01,3.347517848014831543e-01,-1.130386292934417725e-01,-2.367208749055862427e-01,3.537367880344390869e-01,4.419701993465423584e-01,-3.453287109732627869e-02,-6.496386975049972534e-02,
-1.340299010276794434e+00,-1.010033845901489258e+00,1.727733016014099121e-01,4.073104858398437500e-01,-1.345099806785583496e+00,-1.040570497512817383e+00,1.745449304580688477e-01,4.063178598880767822e-01,-1.347720861434936523e+00,-1.041947484016418457e+00,1.745433807373046875e-01,4.048134088516235352e-01,-1.341679096221923828e+00,-1.011507749557495117e+00,1.723366230726242065e-01,4.078465104103088379e-01,
4.851906597614288330e-01,3.905847072601318359e-01,4.058570265769958496e-01,2.986612617969512939e-01,3.305082619190216064e-01,4.804581999778747559e-01,1.831148564815521240e-01,2.943005859851837158e-01,1.974190622568130493e-01,3.733796179294586182e-01,2.545935213565826416e-01,2.192785441875457764e-01,3.323608934879302979e-01,2.372983843088150024e-01,3.778934478759765625e-01,3.556142449378967285e-01,
-2.442079633474349976e-01,1.020675152540206909e-01,5.879183858633041382e-02,-2.763205394148826599e-02,-2.200156450271606445e-01,-1.467731595039367676e-01,9.441921114921569824e-02,-8.380267769098281860e-02,-3.865078464150428772e-02,-7.482054829597473145e-02,-4.749694373458623886e-03,8.730273693799972534e-03,1.491580605506896973e-01,1.025222539901733398e-01,2.390447631478309631e-02,-1.636624522507190704e-02,
5.297643542289733887e-01,5.209332704544067383e-01,1.559571176767349243e-01,3.376546800136566162e-01,1.650310456752777100e-01,3.438152074813842773e-01,4.459427297115325928e-01,3.725435435771942139e-01,3.325880765914916992e-01,2.577010393142700195e-01,2.624309062957763672e-01,3.400116264820098877e-01,4.347047805786132812e-01,2.052641659975051880e-01,4.467884302139282227e-01,3.870029151439666748e-01,
1.231378689408302307e-01,2.348717153072357178e-01,1.313879042863845825e-01,3.014623820781707764e-01,1.677259802818298340e-01,3.100676536560058594e-01,3.691645264625549316e-01,2.558577358722686768e-01,5.141311287879943848e-01,4.248532652854919434e-01,2.214820533990859985e-01,3.286814987659454346e-01,3.965500295162200928e-01,5.127907991409301758e-01,1.837429702281951904e-01,1.842586100101470947e-01,
4.142660498619079590e-01,4.919922947883605957e-01,-5.877240300178527832e-01,-8.107054978609085083e-02,-1.397760987281799316e+00,-1.425677418708801270e+00,-7.477192878723144531e-01,-6.631159782409667969e-02,-1.466311335563659668e+00,-1.302448272705078125e+00,-7.550946474075317383e-01,-6.725709140300750732e-02,4.168944954872131348e-01,4.913150072097778320e-01,-5.879604220390319824e-01,-8.008649200201034546e-02,
3.906707763671875000e-01,6.048195362091064453e-01,2.777490317821502686e-01,4.240801632404327393e-01,4.603826701641082764e-01,3.392552137374877930e-01,3.564893305301666260e-01,3.764378130435943604e-01,4.979950189590454102e-01,4.573125541210174561e-01,3.316292166709899902e-01,2.401676774024963379e-01,5.074870586395263672e-01,5.906324982643127441e-01,2.117324024438858032e-01,2.858356833457946777e-01,
-2.486914992332458496e-01,-7.002292275428771973e-01,-1.261503547430038452e-01,1.457573473453521729e-01,-3.262009322643280029e-01,-7.692065238952636719e-01,-5.505321919918060303e-02,3.477651178836822510e-01,-3.586933314800262451e-01,-6.792279481887817383e-01,-1.681455075740814209e-01,3.555275797843933105e-01,-4.541099369525909424e-01,-3.951515257358551025e-01,-1.632247120141983032e-01,1.489835977554321289e-01,
-3.658268153667449951e-01,-6.812757253646850586e-01,-1.064318493008613586e-01,1.991937756538391113e-01,-4.391510188579559326e-01,-6.598531603813171387e-01,-1.408168226480484009e-01,4.738163352012634277e-01,-4.331067800521850586e-01,-7.379580140113830566e-01,-5.743954703211784363e-02,2.081120014190673828e-01,-1.981057524681091309e-01,-5.708459019660949707e-01,-2.205639481544494629e-01,2.701731324195861816e-01,
-8.394763618707656860e-02,-1.550094783306121826e-01,1.064423248171806335e-01,-1.633300483226776123e-01,3.984552249312400818e-02,9.954188019037246704e-02,1.077778637409210205e-01,-1.879721134901046753e-01,1.295794397592544556e-01,-8.857723325490951538e-02,-5.838200822472572327e-02,-7.057036459445953369e-02,9.982431679964065552e-02,-1.230649948120117188e-01,8.927184343338012695e-02,-1.227618083357810974e-01,
-4.717133343219757080e-01,-9.825527071952819824e-01,-3.063192404806613922e-02,4.709419906139373779e-01,-5.107274651527404785e-01,-7.225642204284667969e-01,1.455076970160007477e-02,2.363662570714950562e-01,-4.396217763423919678e-01,-9.249893426895141602e-01,9.442322701215744019e-02,2.348379343748092651e-01,-2.790148556232452393e-01,-8.215360045433044434e-01,-1.111323386430740356e-01,1.945102065801620483e-01,
2.746342718601226807e-01,2.569714784622192383e-01,8.472726494073867798e-02,2.411851733922958374e-01,2.317392975091934204e-01,4.061048626899719238e-01,1.651888638734817505e-01,3.317444622516632080e-01,3.425175845623016357e-01,2.259956151247024536e-01,4.198081195354461670e-01,1.410648971796035767e-01,4.967640340328216553e-01,2.998285591602325439e-01,1.959264427423477173e-01,8.797515928745269775e-02,
-3.471367359161376953e-01,-6.411103010177612305e-01,-2.463476359844207764e-01,3.468561172485351562e-01,-4.689325094223022461e-01,-8.561482429504394531e-01,-2.921383082866668701e-02,2.758155167102813721e-01,-3.110255897045135498e-01,-1.009937524795532227e+00,-2.513913214206695557e-01,3.614542782306671143e-01,-4.281367361545562744e-01,-1.062716841697692871e+00,-2.918923273682594299e-02,3.487999141216278076e-01,
3.490808010101318359e-01,4.112906157970428467e-01,5.547153949737548828e-01,3.141051232814788818e-01,7.165022492408752441e-01,6.624806523323059082e-01,3.217785358428955078e-01,5.767472386360168457e-01,5.374186635017395020e-01,6.518347859382629395e-01,4.898021817207336426e-01,5.417609214782714844e-01,5.803952813148498535e-01,7.908586859703063965e-01,5.933942198753356934e-01,3.117538392543792725e-01,
3.842395842075347900e-01,5.639878511428833008e-01,4.748468101024627686e-01,1.684232205152511597e-01,2.488888204097747803e-01,4.492319226264953613e-01,2.866957783699035645e-01,1.826342493295669556e-01,4.066406190395355225e-01,6.032559275627136230e-01,1.138811931014060974e-01,1.390235275030136108e-01,2.580278217792510986e-01,3.409822285175323486e-01,8.674304932355880737e-02,2.320648729801177979e-01,
-4.504135251045227051e-01,-3.801310360431671143e-01,-7.718282938003540039e-02,2.752548456192016602e-01,-2.618846297264099121e-01,-5.174893736839294434e-01,-3.181092441082000732e-01,2.986940443515777588e-01,-1.694732606410980225e-01,-2.626176774501800537e-01,-1.121162772178649902e-01,1.551242470741271973e-01,-2.011148184537887573e-01,-5.728173851966857910e-01,3.881810232996940613e-02,2.642407715320587158e-01,
-1.047921478748321533e-01,1.211551427841186523e+00,5.733919143676757812e-01,6.594228148460388184e-01,-1.128477081656455994e-01,7.311861962080001831e-02,-2.518656551837921143e-01,-1.122306808829307556e-01,-1.770564317703247070e-01,1.331979870796203613e+00,3.973873257637023926e-01,3.920864164829254150e-01,-4.273612424731254578e-02,1.559459209442138672e+00,6.361464858055114746e-01,4.813927412033081055e-01,
1.251569092273712158e-01,2.947121858596801758e-01,3.177482187747955322e-01,2.660296261310577393e-01,1.591843068599700928e-01,7.325876355171203613e-01,5.871393084526062012e-01,4.521779716014862061e-01,2.901414632797241211e-01,3.681962788105010986e-01,4.121938943862915039e-01,1.775608807802200317e-01,1.133203878998756409e-01,2.209519147872924805e-01,1.230214163661003113e-01,3.542999327182769775e-01,
1.111930012702941895e+00,4.381498694419860840e-01,4.364215731620788574e-01,-1.477660834789276123e-01,9.435244202613830566e-01,-1.550353411585092545e-02,2.219852358102798462e-01,-2.333344072103500366e-01,-2.041479796171188354e-01,-1.674338459968566895e+00,-1.105490326881408691e+00,-4.172259867191314697e-01,-3.673428893089294434e-01,-2.278041124343872070e+00,-1.021542191505432129e+00,-2.471884787082672119e-01,
-3.099331855773925781e-01,-1.307037949562072754e+00,-5.794883966445922852e-01,-1.171539574861526489e-01,-3.112695813179016113e-01,-1.548348784446716309e+00,-5.999578833580017090e-01,-1.277153491973876953e-01,6.368022561073303223e-01,7.823473811149597168e-01,2.417449355125427246e-01,-1.326692104339599609e-01,6.130633354187011719e-01,6.711087226867675781e-01,2.428752034902572632e-01,-1.211503893136978149e-01,
-4.300098419189453125e-01,-1.636163115501403809e+00,-7.643382549285888672e-01,-1.740132123231887817e-01,7.888587713241577148e-01,5.898447632789611816e-01,4.366572201251983643e-01,-1.093589365482330322e-01,-4.132612049579620361e-01,-1.674378156661987305e+00,-7.484141588211059570e-01,-1.684851944446563721e-01,8.461770415306091309e-01,7.791922092437744141e-01,4.570356309413909912e-01,-1.346135735511779785e-01,
2.615035325288772583e-02,-1.092007637023925781e+00,-5.741609334945678711e-01,-2.802805602550506592e-01,4.492636024951934814e-01,6.794639676809310913e-02,-1.491884589195251465e-01,-2.315922528505325317e-01,8.408126235008239746e-01,4.128499925136566162e-01,3.886897861957550049e-01,-1.145557537674903870e-01,-3.613160550594329834e-01,-1.844205498695373535e+00,-7.990147471427917480e-01,-1.479316055774688721e-01,
7.328615188598632812e-01,6.652115583419799805e-01,3.168768584728240967e-01,-1.358585953712463379e-01,-4.040475785732269287e-01,-1.560905337333679199e+00,-7.779552936553955078e-01,-1.620447635650634766e-01,-1.191359609365463257e-01,-1.126982808113098145e+00,-4.369307160377502441e-01,-1.511061638593673706e-01,4.217693507671356201e-01,2.256120890378952026e-01,1.109929871745407581e-03,-1.322178393602371216e-01,
1.995481699705123901e-01,3.181912600994110107e-01,9.549924731254577637e-02,6.041443347930908203e-02,1.773032099008560181e-01,3.591413795948028564e-01,3.689209222793579102e-01,1.803806722164154053e-01,-3.616754710674285889e-02,2.041375041007995605e-01,3.797998726367950439e-01,-1.127295941114425659e-02,1.421368718147277832e-01,2.469134777784347534e-01,2.326500266790390015e-01,3.057653903961181641e-01,
1.207824349403381348e-01,5.015321969985961914e-01,2.663694322109222412e-01,5.126053839921951294e-02,1.356350630521774292e-01,4.828427433967590332e-01,1.921138018369674683e-01,3.870726525783538818e-01,1.997890025377273560e-01,1.241478919982910156e-01,1.130795851349830627e-01,2.843302488327026367e-01,1.790597736835479736e-01,5.224087834358215332e-01,3.333333432674407959e-01,9.467551857233047485e-02,
3.308037519454956055e-01,4.562710821628570557e-01,2.101437598466873169e-01,2.480076551437377930e-01,2.818812429904937744e-01,5.532376766204833984e-01,4.465880990028381348e-01,3.944060504436492920e-01,2.666992545127868652e-01,7.470894455909729004e-01,5.325570106506347656e-01,4.458096921443939209e-01,3.318738639354705811e-01,7.295023798942565918e-01,5.931003093719482422e-01,3.820989131927490234e-01,
6.148579344153404236e-02,2.223948538303375244e-01,2.190158665180206299e-01,1.079048737883567810e-01,9.823539853096008301e-02,4.482512474060058594e-01,5.275541543960571289e-01,2.696383893489837646e-01,6.386555731296539307e-02,9.711334109306335449e-02,1.600425541400909424e-01,1.303972452878952026e-01,-3.477289527654647827e-02,4.919283688068389893e-01,7.633148133754730225e-02,2.234473675489425659e-01,
5.078859925270080566e-01,-1.474729627370834351e-01,2.251663245260715485e-02,3.148850798606872559e-02,6.045076251029968262e-02,-1.410734057426452637e+00,-7.251178026199340820e-01,-2.270482331514358521e-01,6.040043234825134277e-01,-2.655169367790222168e-01,-6.435556709766387939e-02,-9.020288474857807159e-03,3.284670412540435791e-01,-3.912889361381530762e-01,-4.778608679771423340e-02,-7.720217108726501465e-02,
-7.684044539928436279e-02,1.876636743545532227e-01,1.902682036161422729e-01,6.702958792448043823e-02,-6.748089194297790527e-02,5.729041099548339844e-01,4.925330877304077148e-01,3.188608288764953613e-01,1.022634655237197876e-01,3.299171328544616699e-01,3.515834510326385498e-01,1.025849580764770508e-01,-1.393452472984790802e-02,5.485957860946655273e-01,4.763917922973632812e-01,2.135753333568572998e-01,
7.945720851421356201e-02,1.614912450313568115e-01,1.857302635908126831e-01,4.515029862523078918e-02,-9.630987793207168579e-02,2.733881473541259766e-01,2.986468672752380371e-01,1.821834594011306763e-01,1.780090481042861938e-01,1.598680615425109863e-01,8.521100133657455444e-02,3.252317309379577637e-01,5.798393115401268005e-02,1.095770075917243958e-01,3.718289732933044434e-01,8.030503056943416595e-03,
-2.846878208220005035e-02,3.095367364585399628e-02,4.034121334552764893e-01,1.702543050050735474e-01,-4.508288577198982239e-02,4.264112710952758789e-01,1.663510054349899292e-01,1.875031441450119019e-01,1.213763654232025146e-01,3.820651769638061523e-01,5.746904760599136353e-02,3.032922148704528809e-01,2.318654209375381470e-01,3.030884265899658203e-01,8.308856189250946045e-02,3.394610062241554260e-02,
2.078186720609664917e-01,3.508182466030120850e-01,3.185417354106903076e-01,3.632552921772003174e-01,3.096884787082672119e-01,1.040326714515686035e+00,6.558519601821899414e-01,5.208398103713989258e-01,2.773596942424774170e-01,5.499594807624816895e-01,3.078834116458892822e-01,3.444150984287261963e-01,4.039670825004577637e-01,6.075180172920227051e-01,5.929452776908874512e-01,2.788938581943511963e-01,
